[sky-3545866__340.jpg]
filters=enhance=1;
moddate=6ee7cc59fe78d401
width=510
height=340
text=1;131;9;&#010;&#010;PROJECT;Bell MT;0.381420,0.572206,0.151424,5.684762;v1,4294967295,4278199381,128.000000,1.000000,0.000000,1.000000,700,0,49152;;
textactive=1
